1,936      1,025       841        818
1,042      615         615        615
1,586      917         793        793
2,139      1,230       815        803
1,187      630         521        521
1,521      908         755        755
2,170      1,374       1,101      1,083
1,720      1,020       610        540
1,574      876         582        554
1,869      1,136       710        671

4,431       3,066       2,986       2,986
8,567       4,897       3,260       2,980
6,331       3,883       3,600       3,600
9,478       5,122       3,336       3,040
4,340       2,571       2,206       2,206
6,766       3,601       3,016       3,016
11,10       16,357      4,175       3,900
4,203       2,151       1,638       1,638
3,530       2,097       1,992       1,992
5,545       3,192       2,116       1,995

42,363      24,868      17,990      17,990
33,637      19,279      14,231      14,132
37,641      21,353      16,497      16,497
30,166      17,495      14,105      14,105
32,604      18,441      14,650      14,650
36,920      21,497      14,251      14,075
44,277      23,883      17,715      17,715
46,065      25,402      21,367      21,367
36,397      21,929      14,298      13,952
35,797      20,048      14,377      14,377

156,103     89,588      72,019      72,019
132,605     74,854      59,351      59,351
137,463     85,363      68,537      68,537
137,265     87,730      69,231      69,231
136,761     76,424      55,291      55,277
151,938     86,724      62,519      62,519
141,613     79,854      62,213      62,213
168,086     95,361      80,844      80,844
125,153     73,605      58,771      58,771
124,446     72,399      61,419      61,419

526,666     301,449     254,268     254,268
566,643     335,714     266,028     266,028
529,919     308,278     254,647     254,647
603,709     360,852     297,269     297,269
547,953     322,268     260,455     260,455
502,276     292,453     236,160     236,160
479,651     279,576     247,555     247,555
530,896     288,746     225,572     225,572
575,353     331,107     255,029     255,029
572,866     332,808     269,236     269,236

3,113,088       1,839,902           1,581,233       1,581,233
3,569,058       2,064,998           1,715,332       1,715,322
3,300,744       1,909,304           1,644,947       1,644,947
3,408,867       1,930,829           1,640,942       1,640,942
3,377,547       1,881,221           1,468,325       1,468,325
3,024,082       1,658,411           1,413,345       1,413,345
3,381,166       1,971,176           1,634,912       1,634,912
3,376,678       1,924,191           1,542,090       1,542,090
3,617,807       2,065,647           1,684,055       1,684,055
3,315,019       1,928,579           1,520,515       1,520,515

15,190,371      8,570,154       6,411,581       6,411,581
13,356,727      7,592,040       6,112,598       6,112,598
12,919,259      7,313,736       5,985,538       5,985,538
12,705,290      7,300,217       6,096,729       6,096,729
13,276,868      7,738,367       6,348,242       6,348,242
12,236,080      7,144,491       6,082,142       6,082,142
14,160,773      8,426,024       6,575,879       6,575,879
13,314,723      7,508,507       6,069,658       6,069,658
12,433,821      7,299,271       6,188,416       6,188,416
13,395,234      7,617,658       6,147,295       6,147,295
